1	0.3	1.8	1.8	50

2	2.7	1.9	2	49

3	4.5	3.1	2.1	33

4	5.9	3.9	2.2	25

5	7.8	3.3	2.4	31


D = 1.9e+02


1	0.3	1.8	2.7	1.4e+02

2	2.7	1.9	2.9	1.3e+02

3	4.5	3.1	3	1.1e+02

4	5.9	3.9	3.2	92

5	7.8	3.3	3.3	1e+02


D = 7.6e+02


1	0.3	1.8	3.6	2.7e+02

2	2.7	1.9	3.8	2.6e+02

3	4.5	3.1	4	2.3e+02

4	5.9	3.9	4.1	2e+02

5	7.8	3.3	4.2	2.2e+02


D = 1.9e+03


1	0.3	1.8	4.6	4.4e+02

2	2.7	1.9	4.8	4.3e+02

3	4.5	3.1	4.9	3.9e+02

4	5.9	3.9	5	3.5e+02

5	7.8	3.3	5.1	3.8e+02


D = 3.9e+03


1	0.3	1.8	5.5	6.5e+02

2	2.7	1.9	5.7	6.5e+02

3	4.5	3.1	5.8	5.9e+02

4	5.9	3.9	5.9	5.5e+02

5	7.8	3.3	6.1	5.8e+02


D = 6.9e+03


1	0.3	1.8	6.4	9.1e+02

2	2.7	1.9	6.6	9e+02

3	4.5	3.1	6.7	8.3e+02

4	5.9	3.9	6.8	7.9e+02

5	7.8	3.3	7	8.2e+02


D = 1.1e+04


1	0.3	1.8	7.3	1.2e+03

2	2.7	1.9	7.5	1.2e+03

3	4.5	3.1	7.7	1.1e+03

4	5.9	3.9	7.8	1.1e+03

5	7.8	3.3	7.9	1.1e+03


D = 1.7e+04


1	0.3	1.8	8.3	1.6e+03

2	2.7	1.9	8.4	1.5e+03

3	4.5	3.1	8.6	1.5e+03

4	5.9	3.9	8.7	1.4e+03

5	7.8	3.3	8.8	1.4e+03


D = 2.4e+04



Melhor valor de D: 188
